src,dst,distance,edge_type
P_0,P_1,1.5211189960026132,prot_intra
P_0,P_3,1.5278605957350972,prot_intra
SM_23,P_0,3.941123443892617,inter
P_1,P_2,1.2298739772838525,prot_intra
SM_23,P_1,4.407020422008502,inter
P_10,P_11,1.52221351984536,prot_intra
P_10,P_13,1.5346338325476856,prot_intra
P_9,P_10,1.4721929221403014,prot_intra
SM_12,P_10,3.409038867481566,inter
SM_30,P_100,4.48098036148341,inter
SM_25,P_101,4.15176805710531,inter
SM_26,P_101,4.087024712428348,inter
P_11,P_12,1.236084544034105,prot_intra
P_11,P_17,1.3244625325013912,prot_intra
SM_12,P_11,3.4345383969319663,inter
SM_28,P_11,3.75752192275707,inter
SM_29,P_11,4.044406631386119,inter
SM_10,P_12,3.92345166913013,inter
SM_11,P_12,3.8358297668170835,inter
SM_12,P_12,2.8195689386854865,inter
SM_27,P_12,4.300525549278832,inter
SM_28,P_12,3.4155605689256907,inter
SM_29,P_12,4.100378762992514,inter
SM_30,P_12,4.351200523993349,inter
P_13,P_14,1.5391003865895168,prot_intra
SM_12,P_13,3.293303053167138,inter
SM_23,P_13,4.345479605290995,inter
SM_28,P_13,4.1152769044136015,inter
SM_29,P_13,3.696929266296559,inter
SM_5,P_13,4.335509658621464,inter
P_14,P_15,1.520745212058877,prot_intra
P_14,P_16,1.5245320593546063,prot_intra
SM_12,P_14,3.808754258284458,inter
SM_3,P_15,4.050034320842233,inter
SM_10,P_16,4.006777882538537,inter
SM_12,P_16,3.122419734757004,inter
SM_13,P_16,4.0512747376597416,inter
SM_5,P_16,4.131442121100089,inter
SM_6,P_16,4.354411670937878,inter
P_17,P_18,1.452816230636208,prot_intra
SM_28,P_17,4.038079494016926,inter
SM_29,P_17,4.166636053220873,inter
SM_28,P_18,4.082078024732011,inter
SM_29,P_18,4.463336308189203,inter
SM_23,P_2,3.9779523627112487,inter
P_20,P_21,1.3180845951607179,prot_intra
P_20,P_22,1.2284180884373201,prot_intra
SM_23,P_20,4.263897747366838,inter
SM_24,P_20,4.398535324400613,inter
SM_29,P_20,4.356779200280869,inter
SM_23,P_21,4.349778270211024,inter
SM_21,P_22,4.106124693674075,inter
SM_23,P_22,3.7708156942497197,inter
SM_24,P_22,3.3115020760977947,inter
SM_25,P_22,3.4315454244407135,inter
SM_26,P_22,3.5461264782858497,inter
SM_27,P_22,3.536643889339157,inter
SM_28,P_22,3.426911437431671,inter
SM_29,P_22,3.30851900402582,inter
SM_30,P_22,4.313735040542012,inter
P_23,P_24,1.5223761033332068,prot_intra
P_23,P_26,1.542027885610373,prot_intra
P_24,P_25,1.230580757203688,prot_intra
P_24,P_30,1.3383291822268553,prot_intra
SM_11,P_24,4.376247365037767,inter
P_26,P_27,1.5375194307715265,prot_intra
SM_10,P_26,4.460709696898019,inter
SM_11,P_26,4.358653232364329,inter
SM_12,P_26,3.857909667164334,inter
SM_13,P_26,4.200541512709998,inter
P_27,P_28,1.527392876767466,prot_intra
P_27,P_29,1.5163027402204352,prot_intra
SM_10,P_27,4.139904950599712,inter
SM_11,P_27,3.9868661878723763,inter
SM_12,P_27,4.00329326929717,inter
SM_13,P_27,3.5137405994182327,inter
SM_10,P_29,3.6627499232134326,inter
SM_11,P_29,3.970844494562839,inter
SM_12,P_29,3.6425558334773696,inter
SM_13,P_29,2.682882964275557,inter
P_3,P_4,1.4945403975804727,prot_intra
SM_23,P_3,3.5530333519402824,inter
P_30,P_31,1.4545274146608589,prot_intra
SM_11,P_30,3.7096463443298746,inter
SM_12,P_30,4.150611641674032,inter
SM_30,P_30,4.402909719719448,inter
P_31,P_32,1.5177947819122322,prot_intra
SM_11,P_31,3.703164322576032,inter
SM_30,P_31,3.5736773777161237,inter
P_33,P_34,1.3252494104884565,prot_intra
P_33,P_35,1.2322231940683495,prot_intra
SM_13,P_34,4.227204750186582,inter
SM_15,P_34,4.339568296501393,inter
SM_11,P_35,4.237834942514868,inter
SM_15,P_35,3.9691340365374397,inter
P_36,P_38,1.381293234617471,prot_intra
SM_30,P_36,4.3879618275459045,inter
P_37,P_39,1.3712570874930776,prot_intra
P_38,P_39,1.4013197351068725,prot_intra
SM_26,P_38,4.131580448206229,inter
SM_27,P_38,4.048268518762065,inter
SM_30,P_38,3.2460268021074636,inter
SM_26,P_39,3.8020996830698692,inter
SM_27,P_39,4.164658329323068,inter
SM_30,P_39,3.6316306254904287,inter
P_4,P_5,1.3534577939485257,prot_intra
P_4,P_6,1.3753886723395679,prot_intra
SM_23,P_4,3.5442811683047943,inter
SM_0,P_40,4.481640994100262,inter
SM_1,P_40,3.3203109794114165,inter
SM_1,P_41,3.4011665645775127,inter
SM_26,P_41,4.4560904389386,inter
P_42,P_43,1.523055481589557,prot_intra
P_42,P_45,1.525339306515111,prot_intra
SM_15,P_42,4.034985625748869,inter
P_43,P_44,1.2276159823006536,prot_intra
P_43,P_48,1.3298680385662343,prot_intra
SM_14,P_43,3.9173738652316565,inter
SM_15,P_43,3.378613177029889,inter
SM_14,P_44,3.612525017214415,inter
SM_15,P_44,2.8384386553173915,inter
P_45,P_46,1.5344109619003636,prot_intra
SM_14,P_45,4.0955492916091245,inter
SM_15,P_45,3.7509461473073697,inter
SM_11,P_47,4.378956268336097,inter
P_48,P_49,1.4574985420232838,prot_intra
SM_14,P_48,4.321918671145954,inter
SM_15,P_48,4.092355067684133,inter
P_49,P_50,1.544167413203635,prot_intra
SM_15,P_49,4.401298444777404,inter
P_5,P_8,1.373917755908264,prot_intra
P_50,P_51,1.51318273846882,prot_intra
SM_8,P_51,3.7726363461112973,inter
SM_9,P_51,4.232095698350879,inter
P_52,P_53,1.4545628209190553,prot_intra
P_53,P_54,1.5220804840743456,prot_intra
SM_15,P_53,4.384860887189009,inter
P_54,P_55,1.522982271728729,prot_intra
SM_14,P_54,3.8962940084136375,inter
SM_15,P_54,3.257534957602144,inter
SM_14,P_55,4.151168991982861,inter
SM_15,P_55,3.7534183086887607,inter
SM_8,P_56,4.460201564951971,inter
P_57,P_58,1.3229894179470985,prot_intra
SM_15,P_58,3.6267292427199465,inter
P_59,P_60,1.52150287544914,prot_intra
P_59,P_62,1.5317352904467545,prot_intra
P_6,P_7,1.3190515532002534,prot_intra
SM_20,P_6,3.5718289432726196,inter
SM_21,P_6,3.714458506969757,inter
SM_22,P_6,4.494461814277657,inter
SM_23,P_6,2.8251217672872087,inter
P_60,P_61,1.2277239103316344,prot_intra
P_62,P_63,1.5253150494242151,prot_intra
SM_13,P_62,3.9312760015038366,inter
P_63,P_64,1.3869697184870327,prot_intra
SM_13,P_63,4.027106777824496,inter
P_64,P_65,1.3829381764923563,prot_intra
SM_10,P_64,3.931240262309085,inter
SM_12,P_64,4.321293093508007,inter
SM_13,P_64,3.2792895572059506,inter
SM_14,P_64,3.936839849422376,inter
SM_15,P_64,4.452797435320857,inter
SM_5,P_64,4.24701177299993,inter
SM_6,P_64,3.69882386712317,inter
SM_7,P_64,3.7176000322788902,inter
SM_8,P_64,4.279512238561775,inter
P_65,P_66,1.3887512376232112,prot_intra
SM_10,P_65,4.466079488768645,inter
SM_13,P_65,4.176096981632491,inter
SM_14,P_65,4.218445922374731,inter
SM_4,P_65,4.121424147063729,inter
SM_5,P_65,3.9671714104636324,inter
SM_6,P_65,3.772764768707427,inter
SM_7,P_65,3.6608728467402414,inter
SM_8,P_65,3.7579043361959075,inter
SM_9,P_65,3.9785100226089667,inter
SM_16,P_68,3.2307536272516977,inter
SM_17,P_68,4.064871584687516,inter
SM_2,P_68,4.29529812702215,inter
SM_20,P_68,3.82952229396827,inter
SM_3,P_68,3.456903961639664,inter
SM_16,P_69,4.333331512820131,inter
SM_2,P_69,4.033017356768998,inter
SM_20,P_69,4.265996015000482,inter
SM_3,P_69,3.078225137965059,inter
P_7,P_8,1.3213179027016948,prot_intra
SM_20,P_7,3.752362056092135,inter
SM_21,P_7,4.379056861928148,inter
SM_23,P_7,3.8385773406302506,inter
SM_8,P_70,4.105562811600863,inter
SM_9,P_70,3.9226120124223343,inter
SM_9,P_71,4.403498154876416,inter
P_72,P_73,1.4611122475703222,prot_intra
P_73,P_74,1.5185944158991238,prot_intra
P_73,P_76,1.5353628235697256,prot_intra
SM_1,P_73,4.433932002184969,inter
SM_16,P_73,3.7944991764394937,inter
SM_18,P_73,4.181880199144877,inter
SM_19,P_73,4.408075657245461,inter
P_74,P_75,1.2324861053983531,prot_intra
SM_16,P_74,4.3795726960515236,inter
SM_18,P_74,3.9036686590949294,inter
SM_19,P_74,4.035023915666425,inter
SM_1,P_75,4.297855977112307,inter
SM_16,P_75,4.070956767149461,inter
SM_17,P_75,4.11599331875065,inter
SM_18,P_75,3.069758785311965,inter
SM_19,P_75,3.0540841507725363,inter
P_76,P_77,1.5318537789227797,prot_intra
SM_0,P_76,4.030415735380162,inter
SM_1,P_76,3.586454795477005,inter
SM_16,P_76,3.807225104981317,inter
SM_17,P_76,4.325811946906616,inter
SM_18,P_76,4.264835870229944,inter
P_77,P_78,1.5166871793484604,prot_intra
P_77,P_79,1.521533765645705,prot_intra
SM_0,P_77,4.460384176278989,inter
SM_1,P_77,4.281741935240842,inter
SM_16,P_77,4.062081609224512,inter
SM_1,P_78,4.321325028275471,inter
SM_8,P_78,4.378136704124257,inter
SM_9,P_78,3.7433196497226913,inter
SM_0,P_79,4.079953186005937,inter
SM_1,P_79,4.334935870344564,inter
SM_16,P_79,3.1180195637615875,inter
SM_17,P_79,4.239231298242642,inter
SM_2,P_79,4.297542204562974,inter
SM_3,P_79,4.429384155839274,inter
SM_9,P_79,4.455188099283798,inter
P_80,P_81,1.463661504583624,prot_intra
P_81,P_82,1.5124235517870004,prot_intra
P_81,P_84,1.5325524460846378,prot_intra
SM_19,P_81,3.88159078214075,inter
P_82,P_83,1.2374562618533247,prot_intra
P_82,P_89,1.343506233703439,prot_intra
SM_18,P_82,4.129469820691267,inter
SM_19,P_82,3.2520894821637367,inter
SM_22,P_82,4.271868677756841,inter
SM_19,P_83,3.8932420936797696,inter
SM_22,P_83,4.297789664467076,inter
P_84,P_85,1.5117066514373747,prot_intra
SM_16,P_84,3.6909279321059607,inter
SM_17,P_84,4.470393830525447,inter
SM_18,P_84,4.088803614750894,inter
SM_19,P_84,3.3973192372810663,inter
P_85,P_86,1.3907785589374022,prot_intra
P_85,P_87,1.3844554886308182,prot_intra
SM_16,P_85,3.713435606012307,inter
SM_17,P_85,4.482381732962956,inter
SM_18,P_85,4.423683759040647,inter
SM_19,P_85,3.6682959259034726,inter
P_87,P_88,1.3847895146916736,prot_intra
SM_16,P_87,3.4951150195665948,inter
SM_17,P_87,3.8615285833462374,inter
SM_18,P_87,3.880954135261069,inter
SM_19,P_87,3.093856169895429,inter
SM_20,P_87,3.6837889461802793,inter
SM_21,P_87,4.384527454583902,inter
SM_22,P_87,3.8316670001449764,inter
SM_16,P_88,4.30137245539142,inter
SM_19,P_88,4.183589607024095,inter
SM_20,P_88,4.007590423184489,inter
SM_22,P_88,4.37217268643406,inter
P_89,P_90,1.4664651376694904,prot_intra
SM_18,P_89,3.3483870743986537,inter
SM_19,P_89,2.6369302228159173,inter
SM_22,P_89,3.7738241877437777,inter
P_90,P_91,1.5237211030894084,prot_intra
P_90,P_93,1.5193686188677202,prot_intra
SM_18,P_90,3.5479447571798515,inter
SM_19,P_90,2.9348902875576135,inter
SM_22,P_90,3.1610822513816377,inter
SM_25,P_90,4.462363723409381,inter
P_91,P_92,1.2382733946911724,prot_intra
SM_19,P_91,4.445382435741612,inter
SM_22,P_91,4.397108709140589,inter
SM_18,P_93,3.253337517073811,inter
SM_19,P_93,3.056165898638357,inter
SM_21,P_93,4.368642008679583,inter
SM_22,P_93,3.2515380975778205,inter
SM_24,P_93,4.315267199143059,inter
SM_25,P_93,3.4099602636980992,inter
SM_26,P_93,4.255380124031226,inter
P_94,P_95,1.5299911764451448,prot_intra
SM_22,P_94,4.329917089275498,inter
P_95,P_96,1.5255494092293467,prot_intra
SM_21,P_96,4.299511716462693,inter
SM_22,P_96,3.795847204511793,inter
SM_23,P_96,3.885765561636471,inter
SM_27,P_99,4.47177436818988,inter
SM_30,P_99,3.618514336022451,inter
SM_0,SM_1,1.2327063721746545,sm_intra
SM_0,SM_17,1.5560546262904793,sm_intra
SM_0,SM_2,1.3949433680260992,sm_intra
SM_10,SM_11,1.3623307234295203,sm_intra
SM_10,SM_12,1.3580662723151626,sm_intra
SM_10,SM_13,1.35860148682386,sm_intra
SM_6,SM_10,1.5039594409424726,sm_intra
SM_14,SM_15,1.1556387843958877,sm_intra
SM_7,SM_14,1.4359129500077643,sm_intra
SM_16,SM_17,1.5455762679337441,sm_intra
SM_17,SM_18,1.4322855860476997,sm_intra
SM_17,SM_20,1.5336590233816645,sm_intra
SM_18,SM_19,0.9706003296929133,sm_intra
SM_2,SM_3,0.9848822264616202,sm_intra
SM_2,SM_4,1.4172794361028482,sm_intra
SM_20,SM_21,1.776407047948189,sm_intra
SM_21,SM_22,1.4530757034648938,sm_intra
SM_21,SM_23,1.454981443180635,sm_intra
SM_21,SM_24,1.7743545305265247,sm_intra
SM_24,SM_25,1.4017011093667577,sm_intra
SM_24,SM_29,1.4020413688618436,sm_intra
SM_25,SM_26,1.3979803289030923,sm_intra
SM_26,SM_27,1.3929626699951407,sm_intra
SM_27,SM_28,1.3918282940075626,sm_intra
SM_27,SM_30,1.3379813152656508,sm_intra
SM_28,SM_29,1.3928754431032266,sm_intra
SM_4,SM_5,1.395790815272831,sm_intra
SM_4,SM_9,1.3927372329337642,sm_intra
SM_5,SM_6,1.4093157914392385,sm_intra
SM_6,SM_7,1.4042585232071756,sm_intra
SM_7,SM_8,1.4087842276232372,sm_intra
SM_8,SM_9,1.4081239292050967,sm_intra
