src,dst,distance,edge_type
P_0,P_1,1.5190961128249894,prot_intra
SM_18,P_1,3.8241937712412017,inter
P_8,P_10,1.3741593794025457,prot_intra
P_9,P_10,1.4114308342954685,prot_intra
SM_0,P_10,3.9068976183155866,inter
SM_10,P_10,3.9081246141851778,inter
SM_11,P_10,3.3490982368392856,inter
SM_18,P_10,4.209722674951405,inter
SM_1,P_11,4.264409689511552,inter
SM_5,P_11,4.274983040902033,inter
SM_6,P_11,4.053775154100185,inter
P_12,P_13,1.522412230639256,prot_intra
P_13,P_15,1.3310882765617025,prot_intra
P_15,P_16,1.465334091598229,prot_intra
SM_0,P_15,3.7818725520567185,inter
P_16,P_17,1.5278772856482945,prot_intra
P_16,P_19,1.5428185246489594,prot_intra
SM_0,P_16,4.393171519528916,inter
P_17,P_18,1.2375689879760228,prot_intra
SM_0,P_17,4.333586159291168,inter
SM_0,P_18,3.517716588925263,inter
P_19,P_20,1.5214907163699698,prot_intra
SM_0,P_19,4.359897361177209,inter
SM_10,P_2,4.442889825327658,inter
SM_18,P_2,3.8430457972811127,inter
SM_19,P_2,4.302218148815799,inter
SM_2,P_2,4.1915566320878925,inter
SM_3,P_2,3.703454333456805,inter
SM_4,P_2,4.215887451059388,inter
SM_7,P_2,3.4606958837782917,inter
SM_8,P_2,3.657931929383053,inter
SM_9,P_2,4.103399322512985,inter
P_21,P_22,1.2320864417726614,prot_intra
SM_13,P_22,4.062249869222718,inter
SM_14,P_22,3.9589676684711583,inter
SM_0,P_23,4.396620634077949,inter
SM_11,P_23,4.455157348511944,inter
P_24,P_25,1.5394674403832018,prot_intra
SM_13,P_24,4.282680819299985,inter
P_25,P_26,1.5300499991830352,prot_intra
SM_14,P_25,4.369302919230937,inter
P_26,P_27,1.250395537420061,prot_intra
P_26,P_28,1.2486288479768477,prot_intra
SM_13,P_26,3.943933822974214,inter
SM_14,P_26,3.5721798666920415,inter
SM_13,P_27,3.7811354114868734,inter
SM_14,P_27,3.7384330942254382,inter
SM_21,P_27,3.519115940119051,inter
SM_22,P_27,3.623114958154101,inter
SM_13,P_28,4.177395121364506,inter
SM_14,P_28,3.3934226085178327,inter
SM_15,P_28,4.267017342359884,inter
P_29,P_30,1.4621224298942934,prot_intra
SM_3,P_3,4.311488490069294,inter
SM_4,P_3,4.2416817419509485,inter
SM_7,P_3,4.209561853685015,inter
P_30,P_31,1.545519330192928,prot_intra
P_31,P_32,1.5227379945348503,prot_intra
P_31,P_33,1.4319123576532218,prot_intra
SM_22,P_31,3.894962644236785,inter
SM_23,P_31,3.9473669705260503,inter
SM_24,P_31,4.132070304338977,inter
SM_29,P_31,4.275795130732994,inter
SM_30,P_31,4.134311792789702,inter
SM_20,P_32,4.1954538491085795,inter
SM_21,P_32,4.126489306904841,inter
SM_22,P_32,3.7526258806334556,inter
SM_23,P_32,3.4914136105594844,inter
SM_24,P_32,3.839133495985782,inter
SM_25,P_32,4.294744346291177,inter
SM_26,P_32,4.396732991665516,inter
SM_27,P_32,4.2495324448696685,inter
SM_28,P_32,3.750711132572063,inter
SM_29,P_32,4.462323497910029,inter
SM_21,P_33,3.7650011952189315,inter
SM_22,P_33,2.870607775367438,inter
SM_23,P_33,3.2072469502674714,inter
SM_24,P_33,3.461737425051184,inter
SM_28,P_33,4.210904653396941,inter
SM_29,P_33,3.379398911049121,inter
SM_30,P_33,2.992274218717261,inter
SM_31,P_33,4.098625379319267,inter
P_34,P_35,1.5315119979941398,prot_intra
P_34,P_36,1.5293112828982849,prot_intra
P_35,P_37,1.3351348246525538,prot_intra
SM_29,P_36,4.284026260423712,inter
SM_30,P_36,3.9565951271263518,inter
SM_31,P_36,4.063763526584688,inter
P_37,P_38,1.47763628813047,prot_intra
SM_30,P_37,4.113373068419636,inter
P_38,P_39,1.5418414315356868,prot_intra
P_39,P_40,1.5281652397564849,prot_intra
SM_22,P_39,4.156116215891944,inter
SM_30,P_39,4.032259416257837,inter
P_4,P_5,1.4301097859954688,prot_intra
P_40,P_41,1.3307986324008627,prot_intra
P_40,P_42,1.2301292615005937,prot_intra
SM_21,P_40,4.485475448600735,inter
SM_22,P_40,3.592039671273129,inter
SM_29,P_40,4.113511760041533,inter
SM_30,P_40,3.156243495042797,inter
SM_22,P_41,4.0008404117135195,inter
SM_30,P_41,4.04039032767875,inter
SM_22,P_42,3.430110348079198,inter
SM_23,P_42,4.046573983013283,inter
SM_24,P_42,3.993951677223948,inter
SM_29,P_42,3.062094218014855,inter
SM_30,P_42,2.1053914125406683,inter
SM_31,P_42,3.6046156521881767,inter
P_43,P_44,1.4742608317390749,prot_intra
P_44,P_45,1.5458201706537567,prot_intra
P_44,P_47,1.5391559375190047,prot_intra
SM_25,P_44,4.366766538298108,inter
SM_29,P_44,4.309493937807543,inter
SM_31,P_44,3.891561511784185,inter
P_45,P_46,1.2329703970493375,prot_intra
SM_25,P_45,4.318574070222719,inter
SM_24,P_46,3.9919264772788594,inter
SM_25,P_46,3.4316820948333806,inter
SM_26,P_46,3.7185849459169273,inter
SM_29,P_46,4.483242799581568,inter
SM_31,P_46,4.433028197519165,inter
P_47,P_48,1.531347445878955,prot_intra
SM_25,P_47,4.176427300935575,inter
SM_29,P_47,4.3281343555855525,inter
SM_31,P_47,3.644889847443953,inter
P_48,P_49,1.2539637155835133,prot_intra
P_48,P_50,1.251922122178533,prot_intra
SM_29,P_48,4.080461983648417,inter
SM_31,P_48,3.2031866945278114,inter
SM_29,P_49,4.4237012783414755,inter
SM_31,P_49,3.621203943442022,inter
P_5,P_6,1.4165722713649314,prot_intra
P_5,P_7,1.403108691441972,prot_intra
SM_18,P_5,4.152577031194003,inter
SM_29,P_50,4.136772292500517,inter
SM_31,P_50,3.1672963233647717,inter
SM_0,P_51,4.3646129267095395,inter
SM_1,P_51,3.750211860682004,inter
SM_10,P_51,4.3667252031699855,inter
SM_2,P_51,3.810353002019628,inter
SM_3,P_51,4.062762729965903,inter
SM_4,P_51,4.200890143767147,inter
SM_5,P_51,4.080168011246597,inter
SM_6,P_51,3.8478957886096667,inter
SM_0,P_52,4.263702616271452,inter
SM_1,P_52,4.015714506784564,inter
SM_10,P_52,3.7585780555949597,inter
SM_11,P_52,3.6705233959205343,inter
SM_13,P_52,4.473021462054485,inter
SM_2,P_52,3.840743417621127,inter
SM_3,P_52,4.455694222004021,inter
SM_9,P_52,4.45158544790505,inter
P_53,P_54,1.536330042666612,prot_intra
P_53,P_55,1.515684663774097,prot_intra
SM_5,P_53,4.317741770879771,inter
P_54,P_56,1.5188074268978244,prot_intra
SM_5,P_55,3.7964264776233967,inter
SM_6,P_55,4.216164489201058,inter
SM_3,P_56,4.482288031798048,inter
SM_4,P_56,3.6653274069310613,inter
SM_5,P_56,3.874714957258147,inter
P_6,P_8,1.4020378026287315,prot_intra
P_7,P_9,1.395213962086104,prot_intra
SM_18,P_7,3.6050295421813128,inter
SM_11,P_8,4.492605591413517,inter
SM_0,P_9,3.955493648079841,inter
SM_1,P_9,4.132815142248681,inter
SM_10,P_9,3.5935346109367066,inter
SM_11,P_9,3.49746222281242,inter
SM_17,P_9,4.38523374519535,inter
SM_18,P_9,3.6333937303848636,inter
SM_2,P_9,3.9445108695502396,inter
SM_9,P_9,4.16499639855787,inter
SM_0,SM_1,1.5052079590541654,sm_intra
SM_1,SM_2,1.4165906254101766,sm_intra
SM_1,SM_6,1.407552840926407,sm_intra
SM_10,SM_11,1.2272037320673375,sm_intra
SM_2,SM_10,1.487783922483368,sm_intra
SM_9,SM_10,1.4090280337878323,sm_intra
SM_12,SM_13,1.405145544062963,sm_intra
SM_12,SM_17,1.4080887756103957,sm_intra
SM_9,SM_12,1.4268643943977304,sm_intra
SM_13,SM_14,1.3924722618422205,sm_intra
SM_14,SM_15,1.3896164938572146,sm_intra
SM_15,SM_16,1.3972934552197662,sm_intra
SM_16,SM_17,1.405156930737632,sm_intra
SM_17,SM_18,1.5033379526906145,sm_intra
SM_19,SM_20,1.4727708579409087,sm_intra
SM_8,SM_19,1.5341326539774844,sm_intra
SM_2,SM_3,1.3980704560214414,sm_intra
SM_20,SM_21,1.3777608645915265,sm_intra
SM_20,SM_28,1.3761435244915412,sm_intra
SM_21,SM_22,1.3139478680678314,sm_intra
SM_22,SM_23,1.3716727014853065,sm_intra
SM_23,SM_24,1.4063217981671199,sm_intra
SM_23,SM_28,1.3843449714576226,sm_intra
SM_24,SM_25,1.3495365871290796,sm_intra
SM_24,SM_29,1.395523199377207,sm_intra
SM_25,SM_26,1.3517462779678715,sm_intra
SM_26,SM_27,1.354472221937385,sm_intra
SM_27,SM_28,1.345233808674166,sm_intra
SM_29,SM_30,0.9844277525547543,sm_intra
SM_29,SM_31,0.9849776647213864,sm_intra
SM_3,SM_4,1.3978243809577815,sm_intra
SM_3,SM_7,1.397871954078768,sm_intra
SM_30,SM_31,1.705199988271171,sm_intra
SM_4,SM_5,1.3887537578707054,sm_intra
SM_5,SM_6,1.3909813082856304,sm_intra
SM_7,SM_8,1.2964235419028804,sm_intra
SM_8,SM_9,1.3884826250263262,sm_intra
