src,dst,distance,edge_type
P_0,P_1,1.4951595232616461,prot_intra
P_0,P_2,1.5269400774097182,prot_intra
P_1,P_6,1.3243843852900128,prot_intra
P_10,P_11,1.4508649144562025,prot_intra
P_8,P_10,1.3230177625413804,prot_intra
P_98,P_100,1.3230551764760232,prot_intra
SM_19,P_100,3.952685542767093,inter
SM_21,P_100,3.031178978549435,inter
P_101,P_102,1.43216828620103,prot_intra
P_101,P_103,1.5238749948732684,prot_intra
SM_44,P_101,4.018601373612466,inter
SM_44,P_102,4.0021040716103276,inter
SM_44,P_103,3.755089612778898,inter
P_104,P_105,1.5254563251696198,prot_intra
SM_43,P_105,4.0977761041813885,inter
SM_44,P_105,4.093099559013926,inter
SM_45,P_105,3.5477003819375743,inter
P_106,P_107,1.529353458164594,prot_intra
SM_44,P_106,4.457677534322104,inter
P_107,P_108,1.509814558149445,prot_intra
SM_44,P_107,4.438309700775736,inter
P_108,P_109,1.4641564124095467,prot_intra
SM_43,P_108,3.7571829872924747,inter
SM_44,P_108,3.384435698901667,inter
SM_45,P_108,3.494286050110953,inter
P_109,P_110,1.3311682838769852,prot_intra
SM_43,P_109,4.336611811080165,inter
SM_44,P_109,4.13609030365634,inter
SM_45,P_109,4.112939216667323,inter
P_110,P_111,1.3204275822626552,prot_intra
P_110,P_112,1.3256568183357271,prot_intra
SM_43,P_110,4.0289086611637135,inter
SM_44,P_110,4.126918705281216,inter
SM_45,P_110,3.8275451662913134,inter
SM_43,P_112,2.9477671210596017,inter
SM_44,P_112,3.356955465894662,inter
SM_45,P_112,2.7235983551177294,inter
P_114,P_115,1.2314568607953762,prot_intra
P_114,P_116,1.3245712513866508,prot_intra
SM_15,P_115,3.9955212425915105,inter
P_116,P_117,1.4634462750644446,prot_intra
P_117,P_118,1.5159769127529625,prot_intra
P_117,P_120,1.5400850625858271,prot_intra
SM_12,P_117,4.179586821684651,inter
SM_13,P_117,3.8232322712594886,inter
SM_15,P_117,3.4622001675235343,inter
P_118,P_119,1.2361880924843114,prot_intra
P_118,P_122,1.3221047613559205,prot_intra
SM_13,P_118,3.7266672778771106,inter
SM_15,P_118,4.238561784379225,inter
SM_40,P_12,4.430763365380731,inter
SM_41,P_12,4.007712814062402,inter
P_120,P_121,1.4270602650203683,prot_intra
SM_12,P_120,4.296472041105354,inter
SM_13,P_120,4.188576249753608,inter
SM_15,P_120,3.2247176620597346,inter
SM_12,P_121,3.546993797569994,inter
SM_13,P_121,3.3972385844977104,inter
SM_15,P_121,2.6320571802299426,inter
SM_7,P_121,4.321420252648429,inter
P_122,P_123,1.453440745266212,prot_intra
SM_12,P_122,3.9179434656462315,inter
SM_13,P_122,2.771011728593005,inter
SM_15,P_122,4.009240451756417,inter
P_123,P_124,1.528107980477818,prot_intra
P_123,P_125,1.5285813684590044,prot_intra
SM_13,P_123,3.5091716971387976,inter
P_124,P_127,1.3338354471223204,prot_intra
SM_13,P_124,3.9946937304379158,inter
P_125,P_126,1.4228847458596219,prot_intra
SM_13,P_125,3.324361442442742,inter
SM_1,P_126,4.120113226599483,inter
SM_12,P_126,4.023721287564535,inter
SM_13,P_126,2.606183800118478,inter
P_127,P_128,1.4550759430352769,prot_intra
SM_13,P_127,3.612781338525763,inter
P_128,P_129,1.5299967320226555,prot_intra
P_129,P_130,1.5112736350509146,prot_intra
P_13,P_14,1.5265935935932664,prot_intra
SM_20,P_13,4.092712792268717,inter
P_130,P_131,1.5079462855154986,prot_intra
SM_0,P_130,4.183687488328925,inter
SM_1,P_130,3.9460240749392272,inter
SM_10,P_130,3.7078309022931446,inter
SM_12,P_130,4.475407020596004,inter
SM_13,P_130,4.144665366468082,inter
SM_15,P_130,4.4597407996429554,inter
SM_6,P_130,4.257503141513815,inter
SM_7,P_130,3.938020060893543,inter
P_131,P_132,1.331970345015236,prot_intra
SM_0,P_131,4.267282624809377,inter
SM_1,P_131,4.29688352180973,inter
SM_10,P_131,4.395258581699147,inter
SM_7,P_131,3.971645251026328,inter
SM_0,P_132,3.7686095579139005,inter
SM_1,P_132,3.7394252232127863,inter
SM_12,P_132,4.135334206566625,inter
SM_15,P_132,3.9673796138005257,inter
SM_2,P_132,3.813505867308977,inter
SM_20,P_132,4.465372772792882,inter
SM_3,P_132,4.276804180693806,inter
SM_4,P_132,3.659398584467125,inter
SM_5,P_132,3.906985794701589,inter
SM_6,P_132,4.487150543496398,inter
SM_7,P_132,3.053100882709249,inter
P_135,P_136,1.5320930128422354,prot_intra
P_136,P_137,1.4199475342420238,prot_intra
SM_12,P_136,4.0155146619082345,inter
SM_13,P_136,3.3858607472842115,inter
SM_14,P_136,3.4759321052057426,inter
SM_12,P_137,3.6092981312160957,inter
SM_13,P_137,3.5203320866077394,inter
SM_14,P_137,2.599674402689693,inter
P_138,P_139,1.5059073676690709,prot_intra
SM_1,P_138,4.081639989024019,inter
SM_10,P_138,3.7947870823011915,inter
SM_6,P_138,4.289126950790799,inter
P_139,P_140,1.393891315705784,prot_intra
P_139,P_141,1.4001617763672884,prot_intra
SM_0,P_139,3.9284433303790967,inter
SM_1,P_139,3.4510470874793944,inter
SM_10,P_139,3.8848462003018844,inter
SM_2,P_139,4.288786541668869,inter
SM_6,P_139,3.9345079743215656,inter
P_14,P_15,1.4975359761955649,prot_intra
SM_16,P_14,4.347162407824213,inter
SM_17,P_14,3.3797707022814434,inter
SM_19,P_14,4.4724164609302655,inter
SM_20,P_14,3.601748741930786,inter
SM_9,P_14,4.465536026055555,inter
P_140,P_142,1.3966878677786296,prot_intra
SM_0,P_140,4.380467326667331,inter
SM_1,P_140,3.5994878802407477,inter
SM_2,P_140,3.9326491071541123,inter
P_141,P_143,1.4044646666968863,prot_intra
SM_0,P_141,3.478776509061771,inter
SM_1,P_141,3.5218945185794546,inter
SM_10,P_141,3.6185064598532892,inter
SM_11,P_141,3.5680518493990485,inter
SM_2,P_141,4.498812843406581,inter
SM_5,P_141,4.324778607050306,inter
SM_6,P_141,3.322420503187395,inter
P_142,P_144,1.387455945246549,prot_intra
SM_0,P_142,4.4402363675822505,inter
SM_1,P_142,3.8153597471273946,inter
SM_2,P_142,3.8058830775524384,inter
SM_3,P_142,4.0778368039930175,inter
P_143,P_144,1.3821208340807234,prot_intra
SM_0,P_143,3.552415938484683,inter
SM_1,P_143,3.7439041120199654,inter
SM_10,P_143,4.444758486127227,inter
SM_11,P_143,3.8475318062363044,inter
SM_2,P_143,4.389289919793406,inter
SM_3,P_143,4.372117221667325,inter
SM_5,P_143,3.9451634947109615,inter
SM_6,P_143,3.785748142705745,inter
P_144,P_145,1.3825404153224623,prot_intra
SM_0,P_144,4.046274953583852,inter
SM_1,P_144,3.875663298069119,inter
SM_2,P_144,4.042018555128119,inter
SM_3,P_144,3.91365979614989,inter
SM_5,P_144,4.296818008712958,inter
SM_3,P_145,3.9542813506375563,inter
P_146,P_147,1.4609955509856938,prot_intra
P_147,P_148,1.5225337434684338,prot_intra
P_147,P_150,1.5412235399188547,prot_intra
SM_42,P_147,4.3963057218532935,inter
P_148,P_149,1.232372508619046,prot_intra
P_148,P_153,1.3271024828550335,prot_intra
SM_40,P_148,4.069565824507573,inter
SM_41,P_148,3.803452904927312,inter
SM_42,P_148,4.057673841007924,inter
SM_40,P_149,3.1784574875244114,inter
SM_41,P_149,3.185052903799244,inter
SM_42,P_149,3.2389654212417893,inter
SM_16,P_15,3.4367244579686633,inter
SM_17,P_15,2.726670863892451,inter
SM_19,P_15,3.633297262817893,inter
SM_20,P_15,2.803976462098066,inter
SM_4,P_15,3.854956809096567,inter
SM_5,P_15,3.728932555035021,inter
SM_9,P_15,2.9916413555103865,inter
P_150,P_151,1.4291053145237351,prot_intra
P_150,P_152,1.520405866865821,prot_intra
SM_40,P_150,4.302575159134355,inter
SM_41,P_150,4.080222175323303,inter
SM_42,P_150,3.7836514110049833,inter
SM_40,P_152,4.4217323528228185,inter
SM_41,P_152,3.77771399129156,inter
SM_42,P_152,4.260765189493549,inter
P_153,P_154,1.452882995977309,prot_intra
SM_41,P_153,4.389253581191226,inter
P_154,P_155,1.5152574038756539,prot_intra
SM_41,P_154,4.3503786042136605,inter
P_155,P_156,1.3247203478470462,prot_intra
SM_41,P_155,4.4216672194999,inter
P_156,P_157,1.461310370865821,prot_intra
SM_41,P_156,3.910845560745147,inter
P_157,P_158,1.52897187678518,prot_intra
SM_41,P_158,4.024207499620269,inter
P_159,P_160,1.502855282454037,prot_intra
P_16,P_17,1.4641010894060595,prot_intra
SM_14,P_160,4.179356409783688,inter
SM_8,P_160,4.347841303451636,inter
P_161,P_162,1.5200703931068515,prot_intra
SM_18,P_161,4.295434785909344,inter
P_162,P_163,1.2441470974125204,prot_intra
P_162,P_164,1.2478000641128335,prot_intra
SM_16,P_162,3.8419467721456018,inter
SM_17,P_162,4.2706704391699475,inter
SM_18,P_162,3.397627701794303,inter
SM_3,P_162,3.8411427986993614,inter
SM_4,P_162,4.344210400061209,inter
SM_8,P_162,3.3830195092550044,inter
SM_9,P_162,3.5938383380447116,inter
SM_16,P_163,3.3280416163263316,inter
SM_17,P_163,3.508370846988669,inter
SM_18,P_163,3.2959074622932003,inter
SM_3,P_163,3.350051641393012,inter
SM_4,P_163,3.52917355764774,inter
SM_5,P_163,4.293581022875894,inter
SM_8,P_163,3.3290168218259293,inter
SM_9,P_163,2.6623403238504264,inter
SM_16,P_164,3.9964546788372295,inter
SM_18,P_164,3.415577403602502,inter
SM_3,P_164,3.6986604331838846,inter
SM_4,P_164,4.345073647246961,inter
SM_8,P_164,2.798230512305948,inter
SM_9,P_164,3.7535168842033984,inter
P_165,P_166,1.5085125123776728,prot_intra
SM_37,P_165,4.426951321169007,inter
SM_38,P_165,4.034097668624298,inter
P_166,P_167,1.3970615591304503,prot_intra
P_166,P_168,1.4002646178490685,prot_intra
SM_37,P_166,3.709730448428834,inter
SM_38,P_166,3.73181859151808,inter
SM_39,P_166,4.049202020151625,inter
P_167,P_169,1.4046743394822854,prot_intra
SM_37,P_167,3.7306601292532697,inter
SM_38,P_167,4.104284712346357,inter
SM_39,P_167,3.636028877773115,inter
P_168,P_170,1.3745602933301995,prot_intra
SM_37,P_168,3.8538491148460903,inter
SM_38,P_168,3.9452790775812026,inter
SM_39,P_168,4.479659362049753,inter
P_169,P_171,1.3926704563535481,prot_intra
SM_37,P_169,3.9087324032223014,inter
SM_39,P_169,3.722047017435431,inter
P_17,P_18,1.5124619003465853,prot_intra
P_17,P_20,1.5217677220916466,prot_intra
SM_11,P_17,3.7527154168681647,inter
P_170,P_171,1.3826644567645476,prot_intra
SM_37,P_170,4.0332772034661835,inter
SM_38,P_170,4.490054231298326,inter
P_171,P_172,1.3777347349907356,prot_intra
SM_37,P_171,4.047575323573364,inter
SM_39,P_171,4.196867045785465,inter
P_173,P_174,1.2382701643825582,prot_intra
P_173,P_175,1.3370430060398184,prot_intra
SM_14,P_173,3.8120773864128212,inter
SM_14,P_174,3.9765154343973075,inter
SM_12,P_175,3.877404544279587,inter
SM_14,P_175,2.9979402929344676,inter
SM_15,P_175,3.786197828957171,inter
P_176,P_177,1.4952220570871726,prot_intra
P_177,P_178,1.536417261032955,prot_intra
SM_8,P_177,3.8730274979659,inter
P_178,P_179,1.4678480847826145,prot_intra
SM_12,P_178,3.8102813544409013,inter
SM_14,P_178,3.2845715093448598,inter
SM_15,P_178,3.6741986881495663,inter
SM_3,P_178,4.423453062936239,inter
SM_7,P_178,3.82882462382387,inter
SM_8,P_178,3.191431340323649,inter
SM_12,P_179,3.791268125574873,inter
SM_14,P_179,2.7751637789507133,inter
SM_15,P_179,4.1516192021908775,inter
SM_2,P_179,4.297246094884491,inter
SM_3,P_179,4.13621529903848,inter
SM_7,P_179,3.899002180045558,inter
SM_8,P_179,2.873386503761719,inter
P_18,P_19,1.2305823824514959,prot_intra
P_180,P_181,1.5424078578638052,prot_intra
P_181,P_182,1.2766557875950697,prot_intra
P_181,P_183,1.244479409231025,prot_intra
SM_16,P_181,3.730070508716957,inter
SM_18,P_181,3.8427244241553353,inter
SM_19,P_181,4.0628893659562015,inter
SM_21,P_181,3.8978944316130493,inter
SM_16,P_182,3.7488243490459774,inter
SM_18,P_182,3.698673951566964,inter
SM_19,P_182,4.127918846101508,inter
SM_21,P_182,4.150379621191297,inter
SM_16,P_183,2.9683680701691975,inter
SM_17,P_183,3.566736603675691,inter
SM_18,P_183,3.372516864301791,inter
SM_19,P_183,3.5807534123421574,inter
SM_20,P_183,4.386411973355901,inter
SM_21,P_183,3.581519509928715,inter
P_184,P_185,1.3305810760716545,prot_intra
P_185,P_186,1.328435169663918,prot_intra
P_185,P_187,1.3438857838373035,prot_intra
SM_16,P_185,4.3809244458219085,inter
SM_18,P_185,3.341851283345804,inter
SM_16,P_186,3.802433299875225,inter
SM_18,P_186,2.8640645942436405,inter
SM_16,P_187,3.999233176497714,inter
SM_18,P_187,2.9727214803946915,inter
P_188,P_189,1.3490340989018752,prot_intra
P_189,P_191,1.370016788218308,prot_intra
SM_39,P_189,3.5736666044834116,inter
P_190,P_191,1.3222927058711322,prot_intra
SM_39,P_190,3.9977357341375157,inter
SM_37,P_191,3.995087733704982,inter
SM_39,P_191,2.875522387323737,inter
P_192,P_193,1.2299288597313258,prot_intra
P_192,P_194,1.329427696416776,prot_intra
P_194,P_195,1.4569972546302166,prot_intra
P_195,P_196,1.517337800227751,prot_intra
P_195,P_198,1.5326379220155106,prot_intra
SM_25,P_195,4.448893008378603,inter
SM_27,P_195,3.366461198350578,inter
P_196,P_197,1.2397757861807128,prot_intra
P_196,P_199,1.328206685723278,prot_intra
SM_27,P_196,3.5762965481067153,inter
SM_27,P_198,3.785289156722376,inter
P_199,P_200,1.4524592937497394,prot_intra
SM_25,P_199,3.873266063672882,inter
SM_26,P_199,4.184950895769272,inter
SM_27,P_199,2.8236625152450525,inter
P_2,P_3,1.514583441082071,prot_intra
P_20,P_21,1.4157079501083558,prot_intra
SM_11,P_20,3.2645734790321415,inter
SM_6,P_20,4.385963976140252,inter
P_200,P_201,1.5091103339385052,prot_intra
P_200,P_203,1.5299767972096812,prot_intra
SM_27,P_200,3.838551810253446,inter
P_201,P_202,1.2297759958626648,prot_intra
SM_27,P_202,4.46105604089435,inter
P_203,P_204,1.5227773967326934,prot_intra
SM_25,P_203,4.361817625715225,inter
SM_26,P_203,4.451611281322754,inter
SM_27,P_203,3.7108205292091374,inter
P_204,P_205,1.5117704852258493,prot_intra
SM_25,P_204,4.469615867163534,inter
SM_27,P_204,3.7156859393657085,inter
SM_25,P_205,4.404510869551807,inter
SM_27,P_205,4.00658383164511,inter
P_206,P_207,1.5224930213304826,prot_intra
P_206,P_208,1.526200838684084,prot_intra
SM_24,P_206,4.278107642404527,inter
P_207,P_209,1.3300187968596566,prot_intra
SM_24,P_207,4.2299732859676595,inter
SM_22,P_208,3.5946165303130733,inter
SM_23,P_208,3.73870579211577,inter
SM_24,P_208,3.711239954516551,inter
P_209,P_210,1.4420502765160519,prot_intra
SM_22,P_209,4.427348642246284,inter
SM_24,P_209,3.742231152668154,inter
SM_0,P_21,4.141610435567303,inter
SM_11,P_21,2.696830176336658,inter
SM_5,P_21,3.90835323378018,inter
SM_6,P_21,3.702813119777987,inter
P_210,P_211,1.5200605251107564,prot_intra
SM_24,P_210,4.452594187661841,inter
P_211,P_212,1.337169024469233,prot_intra
SM_24,P_211,4.084782858365913,inter
P_212,P_213,1.4689210325950175,prot_intra
SM_22,P_212,3.5659335383599062,inter
SM_24,P_212,2.9164906994537083,inter
P_213,P_214,1.5173971134808435,prot_intra
P_213,P_215,1.5504692837976506,prot_intra
SM_22,P_213,3.7388119770857733,inter
SM_24,P_213,3.3373056497719826,inter
P_214,P_223,1.3285397999307353,prot_intra
P_215,P_216,1.5299320246337704,prot_intra
SM_22,P_215,4.242616645420612,inter
SM_24,P_215,4.251594759616677,inter
P_216,P_217,1.3957926063710184,prot_intra
P_216,P_218,1.395771113041105,prot_intra
SM_22,P_216,3.639007557013319,inter
SM_24,P_216,4.007726787095145,inter
P_217,P_219,1.4074572817673734,prot_intra
SM_22,P_217,3.609912602820192,inter
SM_23,P_217,4.347647179797363,inter
SM_24,P_217,4.351395523277559,inter
P_218,P_220,1.3990257324295345,prot_intra
SM_22,P_218,3.8824349318436817,inter
SM_24,P_218,4.1684866558500575,inter
P_219,P_221,1.396656722319411,prot_intra
SM_22,P_219,3.8494333349208776,inter
SM_23,P_219,4.2534094559541265,inter
P_22,P_23,1.3331594053225573,prot_intra
P_220,P_221,1.388216481677121,prot_intra
SM_22,P_220,4.104236104319536,inter
P_221,P_222,1.3729770573465523,prot_intra
SM_22,P_221,4.088721682873516,inter
SM_23,P_221,4.475899239259073,inter
P_224,P_226,1.3217060944097956,prot_intra
SM_17,P_224,4.447603961685429,inter
P_225,P_227,1.3769495270343066,prot_intra
P_226,P_227,1.32507282818719,prot_intra
SM_16,P_226,3.6110534474028437,inter
SM_17,P_226,3.191498394171608,inter
SM_18,P_226,3.7489793277637498,inter
SM_16,P_227,3.4941340844335036,inter
SM_17,P_227,3.5145682522893122,inter
SM_18,P_227,3.493663120565566,inter
P_228,P_229,1.5483081088723916,prot_intra
SM_18,P_228,4.043491807831447,inter
P_229,P_230,1.458676454872705,prot_intra
SM_16,P_229,4.449389283935495,inter
SM_18,P_229,3.446866402981122,inter
P_23,P_24,1.329788329020824,prot_intra
P_23,P_25,1.3313744777484702,prot_intra
SM_10,P_23,3.474292733780504,inter
SM_11,P_23,3.6172488164349432,inter
SM_6,P_23,3.937647140107911,inter
P_230,P_231,1.331022914904173,prot_intra
SM_16,P_230,3.4445618008681467,inter
SM_17,P_230,3.426278593459675,inter
SM_18,P_230,2.7190934150926136,inter
P_231,P_232,1.3350187264604205,prot_intra
P_231,P_233,1.3366259761055108,prot_intra
SM_16,P_231,4.014352251609217,inter
SM_17,P_231,3.561795193438273,inter
SM_18,P_231,3.64452699262881,inter
SM_16,P_232,3.6554478521789884,inter
SM_17,P_232,2.864773987594829,inter
SM_18,P_232,3.705040080754862,inter
P_234,P_235,1.5161536861413452,prot_intra
P_234,P_236,1.517103819782945,prot_intra
SM_25,P_234,4.282780522044062,inter
SM_26,P_234,4.076544001970296,inter
P_235,P_238,1.326073150320149,prot_intra
SM_26,P_235,3.9271588967089173,inter
P_236,P_237,1.4263505880392784,prot_intra
SM_25,P_236,3.5689445218439575,inter
SM_26,P_236,3.4250341604135857,inter
SM_27,P_236,4.310498463055053,inter
SM_25,P_237,4.300583797579114,inter
SM_26,P_237,3.8200045811490853,inter
P_238,P_239,1.4596311177828487,prot_intra
SM_25,P_238,3.700938664717371,inter
SM_26,P_238,2.889272053649498,inter
P_239,P_240,1.5194676699423364,prot_intra
P_239,P_241,1.5235005743353072,prot_intra
SM_26,P_239,3.562734623852863,inter
SM_10,P_24,2.702160802024928,inter
SM_11,P_24,3.5669137920617002,inter
SM_6,P_24,3.470589287138425,inter
P_240,P_245,1.3239584585628101,prot_intra
SM_26,P_240,4.135596208529068,inter
P_241,P_242,1.5053298641826003,prot_intra
SM_25,P_241,4.318097497741336,inter
SM_26,P_241,3.2906759184094647,inter
P_242,P_243,1.2503519504523528,prot_intra
P_242,P_244,1.2559124173285285,prot_intra
SM_25,P_242,4.447538195451495,inter
SM_26,P_242,3.748919044204602,inter
SM_25,P_244,4.305181064717251,inter
SM_26,P_244,3.810563475393103,inter
SM_26,P_245,3.9899571426269693,inter
P_246,P_247,1.5436984809217207,prot_intra
P_248,P_249,1.499318845342767,prot_intra
SM_21,P_248,4.069386317370222,inter
SM_19,P_249,3.488922613071266,inter
SM_20,P_249,3.964270676934161,inter
SM_21,P_249,2.8900564008337364,inter
SM_10,P_25,3.396527933051634,inter
SM_11,P_25,2.787802180930346,inter
SM_6,P_25,3.4589219418772665,inter
SM_17,P_250,4.204219547074108,inter
SM_19,P_26,4.3946740493465475,inter
SM_20,P_26,4.028198728960624,inter
SM_21,P_26,4.217310161702601,inter
P_27,P_28,1.470373081908125,prot_intra
P_28,P_29,1.521010848087543,prot_intra
SM_34,P_28,4.20188017439812,inter
SM_35,P_28,3.9970785581471913,inter
P_29,P_30,1.42643892263216,prot_intra
P_29,P_31,1.5382841089993757,prot_intra
SM_34,P_29,4.096036742999262,inter
SM_35,P_29,3.4510594025603263,inter
P_3,P_4,1.2526923006069755,prot_intra
P_3,P_5,1.2476774422902743,prot_intra
SM_40,P_3,4.017584597740285,inter
SM_42,P_3,3.3646496102863344,inter
SM_34,P_30,3.3233370277478644,inter
SM_35,P_30,2.63108399713883,inter
SM_34,P_31,4.16104325860715,inter
SM_35,P_31,3.3375561418499027,inter
P_32,P_33,1.2321014568613975,prot_intra
P_32,P_34,1.3323903331981934,prot_intra
SM_34,P_32,4.186074652941573,inter
SM_36,P_32,4.365459196923034,inter
SM_34,P_33,3.0882478851283937,inter
SM_35,P_33,4.086796422627397,inter
SM_36,P_33,3.499468531077254,inter
P_34,P_35,1.461531388646856,prot_intra
SM_36,P_34,4.4141873544288925,inter
P_35,P_36,1.5291621889126115,prot_intra
P_35,P_38,1.534657616538622,prot_intra
SM_34,P_35,4.0316543750673794,inter
SM_36,P_35,3.4795939418271127,inter
P_36,P_37,1.2279381091895425,prot_intra
P_36,P_40,1.326357417893081,prot_intra
SM_34,P_36,4.347084540240735,inter
SM_36,P_36,3.726621392092307,inter
P_38,P_39,1.416869083578292,prot_intra
SM_36,P_38,4.3794020139740475,inter
SM_36,P_39,4.27040208879679,inter
SM_40,P_4,3.4052644537539187,inter
SM_42,P_4,2.8362963526401788,inter
P_40,P_41,1.458931458294049,prot_intra
SM_34,P_40,3.7698541085829826,inter
SM_36,P_40,3.0345231915409703,inter
P_41,P_42,1.505936253630941,prot_intra
P_41,P_44,1.537748028774542,prot_intra
SM_36,P_41,4.076868160733184,inter
P_42,P_43,1.2321465010298103,prot_intra
SM_36,P_42,4.056883779454374,inter
SM_34,P_43,4.091685471782992,inter
SM_36,P_43,3.226311361291716,inter
P_44,P_45,1.5197503084388528,prot_intra
P_45,P_46,1.3890647933051927,prot_intra
P_45,P_47,1.3886212586591073,prot_intra
SM_34,P_45,4.177757412775421,inter
SM_36,P_45,4.189241220077924,inter
P_46,P_48,1.412446813157935,prot_intra
P_47,P_49,1.3679608912538415,prot_intra
SM_34,P_47,3.6576689297966802,inter
SM_35,P_47,4.274922689359432,inter
SM_36,P_47,4.027322808020235,inter
P_48,P_50,1.3828467015544448,prot_intra
SM_34,P_48,4.401111223316221,inter
SM_35,P_48,4.357482530085465,inter
P_49,P_50,1.3753726767680083,prot_intra
SM_34,P_49,3.516317818400374,inter
SM_35,P_49,3.7483480361353907,inter
SM_36,P_49,4.237378906824355,inter
SM_40,P_5,4.191794484466049,inter
SM_42,P_5,3.3109424640123244,inter
P_50,P_51,1.3682357253046744,prot_intra
SM_34,P_50,3.91116108080452,inter
SM_35,P_50,3.789141459486572,inter
SM_34,P_51,4.420638189221099,inter
SM_35,P_51,3.926658375769405,inter
P_52,P_53,1.5216813069759387,prot_intra
P_52,P_55,1.5446620989718114,prot_intra
SM_29,P_52,4.126685473839751,inter
P_53,P_54,1.2297776221740189,prot_intra
P_53,P_58,1.3286511957620828,prot_intra
SM_28,P_53,3.9038849880599735,inter
SM_29,P_53,3.535670092075901,inter
SM_28,P_54,3.626920594664294,inter
SM_29,P_54,3.629605212691872,inter
P_55,P_56,1.4303737273873538,prot_intra
P_55,P_57,1.5244841750572564,prot_intra
SM_28,P_55,4.3735108322719425,inter
SM_29,P_55,3.4260145942479565,inter
SM_28,P_56,3.480231026814171,inter
SM_29,P_56,2.687974888275559,inter
P_58,P_59,1.460511554216534,prot_intra
SM_28,P_58,4.056910154292306,inter
SM_29,P_58,3.6584391480520755,inter
P_59,P_60,1.5139742402035758,prot_intra
SM_28,P_59,3.955667579562271,inter
SM_29,P_59,3.932717254011532,inter
P_6,P_7,1.4435477131013015,prot_intra
SM_40,P_6,3.4513882714061617,inter
SM_41,P_6,3.962997476658296,inter
SM_42,P_6,3.93962257075472,inter
P_60,P_61,1.240274566376329,prot_intra
P_60,P_62,1.3223770264187136,prot_intra
SM_28,P_60,3.7136343384883808,inter
SM_29,P_60,3.6368443739043865,inter
SM_30,P_60,4.099399956091132,inter
SM_28,P_61,4.282051961384871,inter
SM_29,P_61,3.8685464970709558,inter
P_62,P_63,1.4538383679075189,prot_intra
SM_28,P_62,3.5867619101356647,inter
SM_29,P_62,3.886394473030241,inter
SM_30,P_62,3.590063091367614,inter
P_63,P_64,1.524646188464726,prot_intra
SM_28,P_63,4.165068186716763,inter
SM_29,P_63,4.4231310177294105,inter
SM_30,P_63,3.785612367900336,inter
P_64,P_65,1.4225684517800896,prot_intra
SM_28,P_64,4.412963969941291,inter
SM_30,P_64,3.6685554377711074,inter
P_66,P_67,1.5192435617767128,prot_intra
P_66,P_69,1.5313239369904728,prot_intra
SM_30,P_66,4.462202258974826,inter
P_67,P_68,1.2354553816305964,prot_intra
P_67,P_75,1.3270693275032792,prot_intra
SM_28,P_67,4.007036810412402,inter
SM_30,P_67,3.963250181353688,inter
SM_28,P_68,3.4368145134702837,inter
SM_29,P_68,4.382845080538441,inter
SM_30,P_68,3.530776968317314,inter
P_69,P_70,1.535703747472145,prot_intra
SM_28,P_69,4.431670565373738,inter
SM_30,P_69,3.6626591433001288,inter
P_7,P_8,1.5074820065261216,prot_intra
SM_40,P_7,3.5834878261269445,inter
SM_41,P_7,4.026422357378824,inter
SM_42,P_7,4.38296771605724,inter
P_70,P_71,1.5129619955570557,prot_intra
SM_28,P_70,4.0923873228227,inter
SM_30,P_70,3.3467527545368525,inter
P_71,P_72,1.4667849194752434,prot_intra
SM_30,P_71,3.5721492130088897,inter
P_72,P_73,1.3276829440796472,prot_intra
SM_30,P_72,4.249960940996992,inter
P_73,P_74,1.3344545702271036,prot_intra
SM_30,P_73,4.019656950536955,inter
SM_28,P_74,3.456371941790985,inter
SM_29,P_74,4.23562156005468,inter
SM_30,P_74,2.930721924714121,inter
P_75,P_76,1.4557668082491808,prot_intra
SM_28,P_75,4.435280036254756,inter
P_76,P_77,1.5241338523896075,prot_intra
SM_28,P_76,4.405990240570217,inter
P_77,P_78,1.329421678776149,prot_intra
P_78,P_79,1.4674075780096005,prot_intra
SM_28,P_78,4.130707203373287,inter
P_79,P_80,1.5220548610349085,prot_intra
P_8,P_9,1.2289381595507591,prot_intra
SM_40,P_8,3.6587321574556353,inter
SM_41,P_8,3.6259910369442414,inter
P_80,P_81,1.5022123684752453,prot_intra
SM_28,P_80,4.460395273963952,inter
P_81,P_82,1.5178669243382317,prot_intra
SM_28,P_81,3.7888650015538863,inter
SM_29,P_81,4.151497199806353,inter
SM_30,P_81,4.380461391223532,inter
P_82,P_83,1.2462395435870268,prot_intra
SM_28,P_82,4.455992145414978,inter
SM_28,P_83,4.166010201619769,inter
SM_29,P_83,4.236593442850048,inter
SM_30,P_83,4.380713754629494,inter
P_84,P_85,1.2281021944447423,prot_intra
P_84,P_86,1.3317372113146042,prot_intra
SM_21,P_84,4.320932885384823,inter
SM_19,P_85,4.4768901036322095,inter
SM_21,P_85,3.2499147681131633,inter
P_86,P_87,1.457745176634101,prot_intra
P_87,P_88,1.5280526823378886,prot_intra
SM_21,P_87,4.133218116673744,inter
P_88,P_89,1.3247569588418855,prot_intra
SM_21,P_88,3.9149524901331816,inter
P_89,P_90,1.4467822918462896,prot_intra
SM_19,P_89,3.6347744084055598,inter
SM_20,P_89,3.8392329963158,inter
SM_21,P_89,2.835222389866444,inter
SM_40,P_9,3.392306589917839,inter
SM_41,P_9,3.008843299342787,inter
SM_42,P_9,4.474545004802164,inter
P_90,P_91,1.5093846428263382,prot_intra
SM_19,P_90,3.9541231644955133,inter
SM_20,P_90,4.1497818014927015,inter
SM_21,P_90,3.4237968689745593,inter
P_91,P_92,1.3277100587101078,prot_intra
SM_20,P_91,4.386427361760365,inter
SM_21,P_91,4.392103027024749,inter
P_92,P_93,1.4453636220688575,prot_intra
SM_19,P_92,4.251195361307219,inter
SM_20,P_92,3.704377275602475,inter
SM_21,P_92,4.290989979014165,inter
P_93,P_94,1.5525971789231094,prot_intra
P_94,P_95,1.4331932877319777,prot_intra
P_94,P_96,1.5396197582520204,prot_intra
SM_20,P_94,4.455229848167209,inter
SM_20,P_95,4.378650248649691,inter
SM_0,P_96,4.311138364747758,inter
SM_10,P_96,4.42485265291399,inter
SM_11,P_96,3.546447518292074,inter
SM_20,P_96,3.685779157790116,inter
SM_5,P_96,4.052652711496508,inter
SM_6,P_96,3.867496089202934,inter
P_98,P_99,1.3239459958774753,prot_intra
SM_19,P_98,4.3820397077160305,inter
SM_21,P_98,3.7566891007907475,inter
SM_19,P_99,3.848205945632329,inter
SM_21,P_99,3.6007435343273193,inter
SM_0,SM_1,1.4163181139842849,sm_intra
SM_0,SM_5,1.4250221050917056,sm_intra
SM_0,SM_6,1.5044022068582588,sm_intra
SM_1,SM_2,1.5087034168450728,sm_intra
SM_6,SM_10,1.2361986086385957,sm_intra
SM_6,SM_11,1.2216677125961841,sm_intra
SM_12,SM_13,1.4738151173061038,sm_intra
SM_12,SM_14,1.4918076283489092,sm_intra
SM_12,SM_15,1.4739592938748363,sm_intra
SM_7,SM_12,1.6539449809470717,sm_intra
SM_16,SM_17,1.247048114548915,sm_intra
SM_16,SM_18,1.2432574150191091,sm_intra
SM_19,SM_20,1.2526360205582472,sm_intra
SM_19,SM_21,1.2569809067762299,sm_intra
SM_2,SM_3,1.5461400324679497,sm_intra
SM_2,SM_7,1.5219809460042517,sm_intra
SM_22,SM_23,1.2759815829391858,sm_intra
SM_22,SM_24,1.2588860154914685,sm_intra
SM_25,SM_26,1.2405829274982028,sm_intra
SM_25,SM_27,1.2511746480807513,sm_intra
SM_28,SM_29,1.2576283234724088,sm_intra
SM_28,SM_30,1.2497391727876659,sm_intra
SM_3,SM_4,1.5285136571192341,sm_intra
SM_3,SM_8,1.4414419863456167,sm_intra
SM_31,SM_32,1.255892113200813,sm_intra
SM_31,SM_33,1.254657323734255,sm_intra
SM_34,SM_35,1.2589765684872851,sm_intra
SM_34,SM_36,1.2548382365866917,sm_intra
SM_37,SM_38,1.2578672425975648,sm_intra
SM_37,SM_39,1.2565830653005006,sm_intra
SM_4,SM_5,1.5317813159847589,sm_intra
SM_4,SM_9,1.4235216893324765,sm_intra
SM_40,SM_41,1.2556695425150688,sm_intra
SM_40,SM_42,1.2608128330565163,sm_intra
SM_43,SM_44,1.2443170817761897,sm_intra
SM_43,SM_45,1.2425437618047928,sm_intra
